3220252078519414158704710740154802667262245701823911251949217526857716885156830959147366287898058164261330433847353315308885182302142925159074274198802110
2175470433948046271847840877193998313227407722846015136888068311851877229153457560848005416823127493571017510841417042029597213105566588302576600310172698
1106075512756897693845541115782443403978043085451052642767226006958164432759348134413074997249085621409356986688646602003242847768263275335375958215687029
6041941234439008986868866446092700359584184322890943920375576204389615565795614725594091512619740474084925538905434207584348157820684201345032821842865449
6618517268941924732643156465074886175261839922422140765582062535930790115143183072527916575363909686164909178850337069384915157749858804051349283555337187
7739569133310871242427564327066246135704203653041599954583759862691257777315083177028492661414787588783092745881894549828133669768608407152245129303202562
8212750312809212683639297762915498908514578419606943875332401046253677341861301481792159127439044902701857461307429688353253850245735574478126178549468547
9428131944946611721823056918332794127366818363580263021165732752610261058039084492219187459986041217981434690339870110422266449837314432636340702674811810
2543769637122973364464342010772784837878002060069532090790636619149965566155307036672045519287310487446464138857626356987893490435483587139704835081163055
4971351571875320358352873430556266527683977049072018373309863608682809920831432725326379145942207384947529866159201956111517303023090907172710021935262736
4871774594917373699338181701449651763868935913326380591115547281446599207661122216729103908688278198502596988571830691547745335004673552438362543911481908
726220111317607381823832372658435389783842621414182185864538099471121787952367717562285586123970294289965088939459834799939463060984347017043258437502131
3847671989560719297010999175955993129620436315964790654686574827742110847772379316097159494507247598466900419699690960490553530116118470526752479089709847
9195001345134305093896352398159512923129938077088545115785843053571721096561974360401584813942051485717950839866027082637102422315795641918781356504408465
3870815453432097424767514076392988421320862325003856691373872737136889220225095297400411295029233271259986899604957144817884171801286044678036836095598711
3601562078839203827167066542973346253378688690081788189314380318580150618506925195119384047578334659447762247983916060624630463430874065497742741357512537
1155561061478705109682009869393301967634864315584171762478464796419216309907726633174162175120312345010668259541391598529926483975758147568246000578093466
5437115856125400245521518199667248310543868123401907214301508491374362225972323735599815170961645912410026939140703445592906540911367684652444974165459777
698768422660443666298655379724651775676727367651811577605092406526939897944212187868834514689508174368817390083838674256153495773996376138259117198970392
2709203546221067965378494763479368237295622721339557123878236055626317487279410484740287251256433671425066035632940424940555021607803507891735773919603499
1266684991379199200581129598346357851068652691925366019398583198491838953886600891173425905415483546777791547366860454222525673990660225475127907498416561
4402085786632124230873135606759404837681035742449615301326562958169460958365073955509685258340803084478641622099004790743333450547272295046478501766907846
3998625915737848647521362132781314510178709766698975172699399723527435913782342843618334386440163993970808401726285826663283847729069971500602368002188507
9144674118964322880035936737918799771328745013757000566396763344082986641606195552197150120281825454636587351032877817880059866146767833078195636665282648
8871015952363010977143797690242318726080328585959255516293183449664173721896026177604764673227414063198122829232714806423112382010196453369049404005473246
1318628582506032377614193681855227633705151746614835362663912255973474401894694604116087573734578403262760012070428914503946914693697442080006849084323872
7244823314292450815235947474043407669894397946146535873807580406733930101142910356900430472385504210028814248570693243685784017089644512089121453273004297
6600669128338590301255420295313143683408797549892661226448351256634173820894460223645209726165061364722087837390790878187406943308055312691093142118006569
4503317620279796704487957895504245125782571074546943452016133296367847194510010553237678229619523643988634580461237101955412183767097726034838352289199215
1754985108919003434299979010597176542558712011082547803645760164917241281488509955272024767457198638457394526179172794647167442211531083661466995569508311
8552090068463988550897328397891867592656804717854535844486033078415352434924699469862410877128581594160507710923915483760167306959329616816355749552711832
5409710730786544286631575406522742891643421699405548261994055439286651047621536607828625918704041912391416918947969251717837798382241740973089176687837737
8839711212968869646354743324583951020961395678606741693528126783090603109561712582593119865524511455211499626966893072427097065108937842148134212900227075
2451395598421797665011305946853281726304630554193318663914901837331732057649369960600509778256468209623147051332491541199152273176872149508095137939888807
5626964396869259967466415151867774220198321623984440549233626569273324626025889168472315738945640525714068838791224190231613262369622170543475142798165123
7459447113944469680613190177898877664360250938844856858809424906532204715423479722925267288648778588240470737860241875835727940805836088995053618906529742
2587659614326823735183447334483266378110959497878123660677909013820693939830984086625758146455553151041090039039264732798277553739290643002409641214229834
6009416174370249741294902125420273670794299300097433248040582881663931121993544208986901002011581718292275036093610040923688188936910793317345080576857700
5084482480212899356517567606019058540103209671377069633520771502256506174982132481555230024297793445617625836118108332640523416719198159456405374054430941
7234382829520671580614692616397570170091051150567158515506065209740792897969060900307765255129188098398306382461762516559005496889052133117937611945085481
8325466888956539011067312719749803711482219251482356952529594549686711030009513114949462784114944345953683141624400316866276438858393820945716855780798145
2401420788752396142961493090104728520450657731780293974435038867787846224277085551533069502898475610162562894928964122150457660686141432823158508995987801
475915951820259643313557936504033833514346313901215223978403161826835160108284842758615903334895494626088314519331399250866872289693209418912826583577072
382157191914676193281396922523643214274785798135001279368151398134054062102523748593178829253089337723874514025014664165335048417368876325618896598448415
7717929310745725032454748710787715399000802893932985792514359136930252350467614855275402379710029993692665777178465556425253146989550033189626378481081468
1077029112342196044434852562579225138549066463424083925703888538411787222464393883761395566425662261888065006835867139573613889490991239078224077013450543
1022690002333426022966078991679520514542111567660483732854545887521463091768858756915590029363713021755694870288739175254041615949997672443267638969849145
9155196205598357521151696045612887860911842101801624396006843795471038519415739927265738994958300087032680138973462973054459686425825668675229378010786488
1541375739708763397005816000930189821257880630949110473991466610644265338884124174780766209146323508633336923820277043428198118987925657703986665478397993
1975960380255343785513829903976128494494952891752108985466017269189058050477811060221036920132062858938759163768083235302387928555004190048492650831684574
4242828604494962072433600756182246113489276549572046973946987148922327978015531962053575751471092966145145439367008558985949249112135116308869811445853704
3660530599346764082608316268401410143832235000635157372616510376081367502037607907756625524578244132415312028589582222793772408239340024787903518293906388
525616942184080500862922906193123546542310258423204827204962010812829927408418323231951024117239880259903259011247593658002287575206593047234679816153647
9168136759621575319983308914234236019000289981686522674686779404722183034593773160504984206217440383054339291110829881527494822234967569401904460948476425
3630787106870555469143351731739889620077394696080491620201514783543510820365142521966221883319168417060575179868152168734225143903537436481261433670093769
6732870688587934783814365462786826955136213516273607939924054221276032668910560149308275114516619835061428880046290154710473399001119272128896265487742521
8832724682343664869016673490447960905806854376497226825056951374563807717686239986253541079946678720799018644278118842649487305450633778965097978439005382
1541290019062236854911575835875092859690052652202898799023166428617079327934699913660413094144299887556306323397543832376960684910098769992020967584958169
8919818092450545893346806867307924807443318094379364351039428978006763317528707357985398294181854126628579419107903262406235176245667518880684890386009086
2080321818915881477850851408667790320269707904418656846185144046470650896586515569394038718261485069776783053819497717480098450534639726184733228723946874
1263698584163042061542726258360593691417014583832325202497276821650815957061985661582759191994548280590661452109553956940669212470653679449464483018756609
2679802852850128330426348411333225945717706732346357549876189403228099271443951322691123837765803652906203990995701351179642538464349400764577141360456939
8137022043866165279383429181203898525580584119946207045097860577439610658375218804799368383449392236159085904855882755880710527450060883660508208104886671
9383626138053544265558369130526350635067332474666566698607833531247787697001878547792818168896988618777806506275812674796520364213093461958872554625798634
1005706403345223522353119056074697824333547563590485824408691947718955083217683283311688664537996834326559859488151925393504599828707241733441814692563026
1483337317679459540551670526135669001194074905728560597692633542751063814901685353008559584568058126350954053356541917527492647809848747720208223485313756
9434232799238142262790285734442435996061805129435891625442197375456738209416177651331268034959967611729533680983526308878234175203740028220452325316211066
4980502172015462943538021982191053115227684146925528129594818140957953562874149673666211532584386398264442141763189190862323133740515625056884671988464569
8608378230422669541329328640909878531698229782504532064299000787588132433984275958747761415747923772995523852444999026963314054583369566327634070651211243
5849269096546578228855360525101998375837704629313582784600456405978053004713599140638018361199654584844815226739210012696503799281810006890391055285456763
4905005900096744014135089813678534723221553066772505448516659497377019530918829692497432106003440181930599327027411070441892962333220982507141152891477179
719275576078166561644778825770028494223403852734329089612977192811001201109242893614757315889793378070093995471767821749260696374986203615850887131472955
1628871576505476678729655140284619037372572267045957139010975456996922694076762520393438274738745051958372235597662502573048908856995375213555414874367334
2924153237163277831020140140852795806475284416579374384994857841165127516124683020113911059712908666004585115910467402755867224670256869433064828601219251
3427325793776447894831024595085985595141867493320823764826232698420001161765967175609845449264537423285909548463477608128504037669665628659525555099638396
8945033486233064708815347658798945193750318739140711071112082910758765476437908256627130393760472057607189353916375144912523669716376534851344259592194518
629804444349091787420572604753463313417116749470344647518446357094717278951879237461754452177875252468869405499028498891132444297044012737536515450940577
3138514090363354922824150310357053054370897822036882268666344284157230678067328143258218692898400182813204539172539020877422214800769096176007928187397540
3804054197254565231357949352196724476241811550825373892755167321038508934649839237178094953841952770472257028580423308992788127827471178962711070564536015
2950432248219759171327246646953196841632395644909697803439868756105390820664590130481115557243163267319585256738061999510706937300163941369932217774788895
6355962975263502801019418075931176481747784031911601487329267460138380923578171612914396286122566660727136711450539314010024052438164074037047763878838491
1277709776399301418097916272221937006189829307252818263600159107107072880721888313358821740616509654975081641311633475538379506981510640621567905174031660
7717484840381844217059966030663640265436200793700312624598798222033715496374749545719215029266389382880454494449924525234196764987715778052853147449349342
479027192769227093513548901149300349178245055254355626556645321421200630462078781349366709694089025322841804793193025263801085088913935135090063683266820
5096206957974439985364935458683261621793318179800666779253243448864090974683514528637911792233474600818528520161057856244017285110286777280563478135490064
4013139277489739791578413697002487168246449905907522352911616682657862106268257155405299967601884913357390753354104422046276503265155093646325972339101895
15434482939481426047192684652936126251120551891147293708303985370443204805921751294157685810802044721944643654890103796958277710752792709047479851209020
4396013486118369017485427006952227725477165491765309816385298149047028772371630916508449951949927150572197216329159102430632596044212512666002420976555715
4652098145049643893752259615137765296821060684267359148483793066259552979876890270665688300604788440723017550867670597074431187937823925510357236757792181
4945889028953208154356846171165707323337600609722060923249111580029319609812218545643520946492298839736022126447579620303229342151994446211829450468702818
6203757262034322060759954764434747538189220650826283837363647155517353793742307768894152253509977958345927645764485145983168117498221001860165201216541256
357219544878229386971701117675037322155482354268503360222308496809119832954447627807912675577395556887976022797806947729036296044298510758580736916944953
8614659937789004498100948005226220606971535886996613518638942552479309953986540398696539359703724829827999950333080997529619782692696915175123350172280334
7463780365310499534834122017590250198829560389209803244427321282928932154073818958040715242140242623499006040069916001907220481284005287751436209521305816
3286256044901398709798344741372732524297362426095193327323014521090687218996587015982547951497173710036860177301338117786478496812859553167800188356913119
3824387052884785258067831072507295785927270721675903054359402262653618451342240492964123580290297477406642244019347947939604441988725309817660473804163396
3391641218505148608355218943753167926986647610298435347814566808623817394808700775143466572286746527662251261806365468728593585717937933062104915716662001
7287959674838976706102875908835558346338393881965295469034296222577479639729534155691660048740676110641468893595651261469664694732450970610575566581697557
9451089797498384177409626120664208255697322263471332156401406165789005519380681956110943650282897374214118678474173649909317376179624229362258502847134116
1277022740911295205119978726342624562671471758217778675177009269794044773635744045309999264243072823115449015907407748719714607263986410561031116677792638
872626191696082734441010507784542676399554450282491913277987793321914565130559795131197303965758285807937902715139397526706287302524512829175796296700611
3905459203635564406374195063342479755428301610265269892942810476234360239948550625366520697041467400465862077606338632089797668939562320662563118418167520
6562515731786839159680762887582692637098809460081869379566227357590723241661196623224283270992986082979307531873389817671982287935321977672193869787185622
3152157077877650085106586081086968451289497068342975732884737108036587618314975836409537696732171863233822737804569651049409099480847388096797939098979910
2120907319710104589086923921487861059212889412973967075790434095933940819557135747299604269654166862454681063171451169828331228973916718905242321247757433
4052859143966689751538020561903316089633233983835442647488757797433623023701193492611601206285469312942846860537129402705547741533325565839658696639504585
3927537579821215629602326649472848619134517541808511716889258253942507776679587087315536727338947809641325160761060464346921764389046434544433310196666777
5506188062246505969934282984344026946934482180616253045934744031446918920758847610447805552892112503890577540811394771157320826678062828830894267710659527
6483276740949871599577525976272098125820395494139180598339802162228400642252263029345907061879179778505177311654215255426250474915522072788977677842216176
1522810547299588218699663144934070523465881076624368991918656789844964844449330387892573684389669936799228918633142050660998053219852766845599823129604238
